******************** create index ********************
...Done
******************** ranked retrieval ********************
(1, 0.0)
(2, 0.6478881507319297)
(3, 0.0)
(4, 0.0)
(5, 0.0)
(6, 0.7743744534035564)
(7, 0.0)
(8, 0.0)
(9, 0.0)
(10, 0.0)
(11, 0.0)
(12, 0.0)
(13, 0.0)
(14, 0.0)
(15, 0.0)
(16, 0.0)
(17, 0.0)
(18, 0.0)
(19, 0.0)
(20, 0.0)
(21, 0.0)
(22, 0.0)
(23, 0.0)
(24, 0.0)
(25, 0.0)
(26, 0.0)
(27, 0.0)
(28, 0.0)
(29, 0.0)
(30, 0.0)
(31, 0.8152533135568709)
(32, 0.0)
(33, 0.6656515431091845)
(34, 0.0)
(35, 0.0)
(36, 0.6395373160534865)
(37, 0.0)
(38, 0.0)
(39, 0.22110441141285908)
(40, 0.15913162968447028)
(41, 0.0)
(42, 0.0)
(43, 0.0)
(44, 0.0)
(45, 0.0)
(46, 0.5128450736242881)
(47, 0.7243609734266124)
(48, 0.05331557844477009)
(49, 0.0)
(50, 0.7291847311980457)
(51, 0.0)
(52, 0.0)
(53, 0.0)
(54, 0.0)
(55, 0.0)
(56, 0.0)
(57, 0.0)
(58, 0.0)
(59, 0.0)
(60, 0.3829640743446838)
(61, 0.7686281952011549)
(62, 0.0)
(63, 0.0)
(64, 0.0)
(65, 0.0)
(66, 0.0)
(67, 0.7743744534035564)
(68, 0.6056234453408809)
(69, 0.9044423460065292)
(70, 0.0)
(71, 0.27969027429189347)
(72, 0.0)
(73, 0.2883480777954618)
(74, 0.0)
(75, 0.0)
(76, 0.0)
(77, 0.0)
(78, 0.21360239776857043)
(79, 0.0)
(80, 0.0)
(81, 0.0)
(82, 0.0)
(83, 0.0)
(84, 0.0)
(85, 0.0)
(86, 0.0)
(87, 0.0)
(88, 0.0)
(89, 0.0)
(90, 0.0)
(91, 0.0)
(92, 0.0)
(93, 0.0)
(94, 0.0)
(95, 0.0)
(96, 0.31092541409399316)
(97, 0.4829073156177417)
(98, 1.0152483134969659)
(99, 0.0)
(100, 0.0)
(101, 0.0)
(102, 0.0)
(103, 0.7695544414995638)
(104, 0.0)
(105, 0.7291847311980457)
(106, 0.0)
(107, 0.0)
(108, 0.0)
(109, 0.0)
(110, 0.0)
(111, 0.0)
(112, 0.0)
(113, 0.0)
(114, 0.0)
(115, 0.0)
(116, 0.0)
(117, 0.0)
(118, 0.8152533135568709)
(119, 0.0)
(120, 0.0)
(121, 0.0)
(122, 0.0)
(123, 0.2601981428173908)
(124, 0.12584541838025895)
(125, 0.0)
(126, 0.0)
(127, 0.0)
(128, 0.0)
(129, 0.0)
(130, 0.0)
(131, 0.0)
(132, 0.0)
(133, 0.0)
(134, 0.0)
(135, 0.7243609734266124)
(136, 0.0)
(137, 0.0)
(138, 0.0)
(139, 0.0)
(140, 0.0)
(141, 0.0)
(142, 0.0)
(143, 0.5953768398879072)
(144, 0.08036065016305038)
(145, 0.0)
(146, 0.5162496356023709)
(147, 0.0)
(148, 0.7243609734266124)
(149, 0.0)
(150, 0.0)
(151, 0.0)
(152, 0.0)
(153, 0.0)
(154, 0.0)
(155, 0.0)
(156, 0.0)
(157, 0.7243609734266124)
(158, 0.0)
(159, 0.0)
(160, 0.0)
(161, 0.0)
(162, 0.0)
(163, 0.8715424522177138)
(164, 0.0)
(165, 0.0)
(166, 0.6177371137384043)
(167, 0.0)
(168, 0.0)
(169, 0.0)
(170, 0.0)
(171, 0.7243609734266124)
(172, 0.0)
(173, 0.0)
(174, 0.4211593243248771)
(175, 0.0)
(176, 0.0)
(177, 0.0)
(178, 0.0)
(179, 0.0)
(180, 0.0)
(181, 0.0)
(182, 0.0)
(183, 0.0)
(184, 0.0)
(185, 0.09545542686027916)
(186, 0.0)
(187, 0.0)
(188, 0.0)
(189, 0.7243609734266124)
(190, 0.5415929878399102)
(191, 0.0)
(192, 0.0)
(193, 0.0)
(194, 0.0)
(195, 0.0)
(196, 0.0)
(197, 0.45772961800402984)
(198, 0.6478881507319297)
(199, 0.0)
(200, 0.0)
(201, 0.0)
(202, 0.587440074017428)
(203, 0.2883480777954618)
(204, 0.0)
(205, 0.0)
(206, 0.0)
(207, 0.0)
(208, 0.0)
(209, 0.0)
(210, 0.0)
(211, 0.0)
(212, 0.0)
(213, 0.0)
(214, 0.0)
(215, 0.0)
(216, 0.0)
(217, 0.0)
(218, 0.0)
(219, 0.0)
(220, 0.0)
(221, 0.0)
(222, 0.0)
(223, 0.0)
(224, 0.1080250873840336)
(225, 0.0)
(226, 0.0)
(227, 0.0)
(228, 0.0)
(229, 0.0)
(230, 0.0)
(231, 0.0)
(232, 0.0)
(233, 0.0)
(234, 0.7686281952011549)
(235, 0.0)
(236, 0.0)
(237, 0.0)
(238, 0.0)
(239, 0.0)
(240, 0.0)
(241, 0.08794533924392518)
(242, 0.21750897811553596)
(243, 0.09001580040514574)
(244, 0.0)
(245, 0.0)
(246, 0.0)
(247, 0.0)
(248, 0.0)
(249, 0.0)
(250, 0.0)
(251, 0.2988485191811638)
(252, 0.9374875838135288)
(253, 0.0)
(254, 0.4897574069206332)
(255, 0.0)
(256, 0.0)
(257, 0.0)
(258, 0.0)
(259, 0.0)
(260, 0.0)
(261, 0.0)
(262, 0.0)
(263, 0.0)
(264, 0.0)
(265, 0.7892930945783942)
(266, 0.0)
(267, 0.0)
(268, 0.0)
(269, 0.0)
(270, 0.0)
(271, 0.585031990024858)
(272, 0.10898532926718538)
(273, 0.0)
(274, 0.0)
(275, 0.3829640743446838)
(276, 0.18468167600185986)
(277, 0.3829640743446838)
(278, 0.06330062675733705)
(279, 0.0)
(280, 0.0)
(281, 0.0)
(282, 0.1744228398276748)
(283, 0.0)
(284, 0.38510954813090137)
(285, 0.0)
(286, 0.0)
(287, 0.0)
(288, 0.0)
(289, 0.0)
(290, 0.0)
(291, 0.0)
(292, 0.0)
(293, 0.0)
(294, 0.45772961800402984)
(295, 0.0)
(296, 0.0)
(297, 0.0)
(298, 0.21840305105751562)
(299, 0.0)
(300, 0.0)
(301, 0.0)
(302, 0.0)
(303, 0.0)
(304, 0.0)
(305, 0.0)
(306, 0.0)
(307, 0.0)
(308, 0.0)
(309, 0.0)
(310, 0.0)
(311, 0.0)
(312, 0.0)
(313, 0.0)
(314, 0.0)
(315, 0.0)
(316, 0.0)
(317, 0.0)
(318, 0.0)
(319, 0.0)
(320, 0.0)
(321, 0.0)
(322, 0.4492587874169072)
(323, 0.0)
(324, 0.0)
(325, 0.0)
(326, 0.0)
(327, 0.0)
(328, 0.0)
(329, 0.0)
(330, 0.0)
(331, 0.0)
(332, 0.0)
(333, 0.0)
(334, 0.3651419179127238)
(335, 0.09818327374204742)
(336, 0.0)
(337, 0.0)
(338, 0.0)
(339, 0.0)
(340, 0.0)
(341, 0.0)
(342, 0.0)
(343, 0.0)
(344, 0.0)
(345, 0.0)
(346, 0.0)
(347, 0.0)
(348, 0.0)
(349, 0.0)
(350, 0.0)
(351, 0.0)
(352, 0.0)
(353, 0.0)
(354, 0.0)
(355, 0.0)
(356, 0.0)
(357, 0.0)
(358, 0.0)
(359, 0.0)
(360, 0.0)
(361, 0.0)
(362, 0.0)
(363, 0.0)
(364, 0.0)
(365, 0.0)
(366, 0.0)
(367, 0.14906856376456568)
(368, 0.0)
(369, 0.0)
(370, 0.0)
(371, 0.0)
(372, 0.0)
(373, 0.0)
(374, 0.0)
(375, 0.0)
(376, 0.0)
(377, 0.0)
(378, 0.0)
(379, 0.0)
(380, 0.2160501747680672)
(381, 0.0)
(382, 0.0)
(383, 0.0)
(384, 0.0)
(385, 0.0)
(386, 0.0)
(387, 0.0)
(388, 0.0)
(389, 0.0)
(390, 0.0)
(391, 0.4281668515874981)
(392, 0.0)
(393, 0.0)
(394, 0.0)
(395, 0.0)
(396, 0.19235733340264904)
(397, 0.7309504122093754)
(398, 0.49440449404423326)
(399, 0.0)
(400, 0.0)
(401, 0.0)
(402, 0.0)
(403, 0.0)
(404, 0.0)
(405, 0.0)
(406, 0.0)
(407, 0.0)
(408, 0.0)
(409, 0.48254560704201355)
(410, 0.0)
(411, 0.0)
(412, 0.0)
(413, 0.0)
(414, 1.0048352350144916)
(415, 0.7243609734266124)
(416, 0.0)
(417, 0.0)
(418, 0.0)
(419, 0.0)
(420, 0.0)
(421, 0.0)
(422, 0.0)
(423, 0.0)
(424, 0.0)
(425, 0.0)
(426, 0.0)
(427, 0.0)
(428, 0.0)
(429, 0.0)
(430, 0.0)
(431, 0.0)
(432, 0.0)
(433, 0.5475654271792809)
(434, 0.0)
(435, 0.7103091752366555)
(436, 0.0)
(437, 0.0)
(438, 0.5232685194830244)
(439, 0.3358817125104983)
(440, 0.0)
(441, 0.07776169375649623)
(442, 0.0)
(443, 0.0)
(444, 0.0)
(445, 0.0)
(446, 0.0)
(447, 0.0)
(448, 0.0)
(449, 0.0)
(450, 0.0)
(451, 0.0)
(452, 0.0)
(453, 0.0)
(454, 0.0)
(455, 0.0)
(456, 0.0)
(457, 0.0)
(458, 0.0)
(459, 0.0)
(460, 0.0)
(461, 0.0)
(462, 0.7534314366860378)
(463, 0.0)
(464, 0.0)
(465, 0.0)
(466, 0.0)
(467, 0.0)
(468, 0.0)
(469, 0.0)
(470, 0.0)
(471, 0.0)
(472, 0.0)
(473, 0.0)
(474, 0.0)
(475, 0.0)
(476, 0.0)
(477, 0.0)
(478, 0.0)
(479, 0.0)
(480, 0.0)
(481, 0.0)
(482, 0.0)
(483, 0.0)
(484, 0.0)
(485, 0.0)
(486, 0.0)
(487, 0.0)
(488, 0.0)
(489, 0.0)
(490, 0.0)
(491, 0.0)
(492, 0.0)
(493, 0.0)
(494, 0.0)
(495, 0.0)
(496, 0.0)
(497, 0.0)
(498, 0.0)
(499, 0.0)
(500, 0.0)
(501, 0.0)
(502, 0.0)
(503, 0.0)
(504, 0.0)
(505, 0.0)
(506, 0.0)
(507, 0.0)
(508, 0.0)
(509, 0.0)
(510, 0.0)
(511, 0.0)
(512, 0.0)
(513, 0.0)
(514, 0.0)
(515, 0.0)
(516, 0.0)
(517, 0.0)
(518, 0.0)
(519, 0.0)
(520, 0.0)
(521, 0.0)
(522, 0.0)
(523, 0.0)
(524, 0.0)
(525, 0.0)
(526, 0.0)
(527, 0.0)
(528, 0.0)
(529, 0.0)
(530, 0.0)
(531, 0.0)
(532, 0.0)
(533, 0.0)
(534, 0.0)
(535, 0.0)
(536, 0.0)
(537, 0.0)
(538, 0.0)
(539, 0.0)
(540, 0.0)
(541, 0.0)
(542, 0.0)
(543, 0.0)
(544, 0.0)
(545, 0.0)
(546, 0.0)
(547, 0.0)
(548, 0.0)
(549, 0.0)
(550, 0.0)
(551, 0.0)
(552, 0.0)
(553, 0.0)
(554, 0.0)
(555, 0.0)
(556, 0.0)
(557, 0.0)
(558, 0.2610900159666831)
(559, 0.0)
(560, 0.0)
(561, 0.0)
(562, 0.0)
(563, 0.0)
(564, 0.0)
(565, 0.0)
(566, 0.0)
(567, 0.0)
(568, 0.0)
(569, 0.0)
(570, 0.0)
(571, 0.0)
(572, 0.0)
(573, 0.0)
(574, 0.0)
(575, 0.0)
(576, 0.0)
(577, 0.0)
(578, 0.0)
(579, 0.0)
(580, 0.0)
(581, 0.0)
(582, 0.0)
(583, 0.0)
(584, 0.0)
(585, 0.9849519808049413)
(586, 0.3651419179127238)
(587, 0.0)
(588, 0.0)
(589, 0.0)
(590, 0.0)
(591, 0.0)
(592, 0.0)
(593, 0.0)
(594, 0.40367957898241874)
(595, 0.0)
(596, 0.0)
(597, 0.0)
(598, 0.0)
(599, 0.0)
(600, 0.0)
(601, 0.0)
(602, 0.0)
(603, 0.0)
(604, 0.0)
(605, 0.0)
(606, 0.0)
(607, 0.0)
(608, 0.0)
(609, 0.0)
(610, 0.0)
(611, 0.0)
(612, 0.0)
(613, 0.0)
(614, 0.0)
(615, 0.7936008187872386)
(616, 0.36321677792148993)
(617, 0.670664910360597)
(618, 0.39429217210687234)
(619, 0.25838016237795214)
(620, 0.0)
(621, 0.0)
(622, 0.0)
(623, 0.0)
(624, 0.0)
(625, 0.0)
(626, 0.0)
(627, 0.0)
(628, 0.0)
(629, 0.0)
(630, 0.0)
(631, 0.0)
(632, 0.0)
(633, 0.0)
(634, 0.0)
(635, 0.0)
(636, 0.0)
(637, 0.557704326081366)
(638, 0.0)
(639, 0.0)
(640, 0.0)
(641, 0.0)
(642, 0.0)
(643, 0.0)
(644, 0.19772797196645725)
(645, 0.0)
(646, 0.0)
(647, 0.0)
(648, 0.0)
(649, 0.0)
(650, 0.0)
(651, 0.0)
(652, 0.0)
(653, 0.0)
(654, 0.0)
(655, 0.0)
(656, 0.3829640743446838)
(657, 0.0)
(658, 0.0)
(659, 0.0)
(660, 0.0)
(661, 0.0)
(662, 0.0)
(663, 0.0)
(664, 0.0)
(665, 0.0)
(666, 0.0)
(667, 0.0)
(668, 0.0)
(669, 0.0)
(670, 0.31996915089824873)
(671, 0.31864537077931404)
(672, 0.0)
(673, 0.0)
(674, 0.5764711464008662)
(675, 0.0860647754171829)
(676, 0.0)
(677, 0.0)
(678, 0.23016754585663565)
(679, 0.0)
(680, 0.0)
(681, 0.0)
(682, 0.0)
(683, 0.0)
(684, 0.0)
(685, 0.0)
(686, 0.0)
(687, 0.0)
(688, 0.0)
(689, 0.0)
(690, 0.0)
(691, 0.0)
(692, 0.0)
(693, 0.0)
(694, 0.0)
(695, 0.2990225759774827)
(696, 0.45773437662621685)
(697, 0.0)
(698, 0.6342732918546024)
(699, 0.5781786326579309)
(700, 0.0)
(701, 0.0)
(702, 0.0)
(703, 0.0)
(704, 0.5934154484458052)
(705, 0.2718571748683696)
(706, 0.0)
(707, 0.0)
(708, 0.0)
(709, 0.0)
(710, 0.0)
(711, 0.0)
(712, 0.0)
(713, 0.0)
(714, 0.0)
(715, 0.0)
(716, 0.0)
(717, 0.0)
(718, 0.0)
(719, 0.2028616489472856)
(720, 0.0)
(721, 0.0)
(722, 0.0)
(723, 0.0)
(724, 0.0)
(725, 0.0)
(726, 0.0)
(727, 0.0)
(728, 0.3126888573205858)
(729, 0.0)
(730, 0.14579193146730787)
(731, 0.3917689963854359)
(732, 0.0)
(733, 0.0)
(734, 0.0)
(735, 0.0)
(736, 0.0)
(737, 0.0)
(738, 0.0)
(739, 0.0)
(740, 0.0)
(741, 0.0)
(742, 0.0)
(743, 0.0)
(744, 0.0)
(745, 0.0)
(746, 0.0)
(747, 0.0)
(748, 0.0)
(749, 0.0)
(750, 0.0)
(751, 0.0)
(752, 0.0)
(753, 0.0)
(754, 0.0)
(755, 0.08645040870749701)
(756, 0.0)
(757, 0.0)
(758, 0.0)
(759, 0.6618423801181726)
(760, 0.0)
(761, 0.0)
(762, 0.0)
(763, 0.0)
(764, 0.0)
(765, 0.0)
(766, 0.0)
(767, 0.47984020600293087)
(768, 0.1922320518636412)
(769, 0.0)
(770, 0.0)
(771, 0.0)
(772, 0.0)
(773, 0.0)
(774, 0.0)
(775, 0.0)
(776, 0.0)
(777, 0.0)
(778, 0.0)
(779, 0.0)
(780, 0.0)
(781, 0.0)
(782, 0.0)
(783, 0.0)
(784, 0.0)
(785, 0.0)
(786, 0.0)
(787, 0.0)
(788, 0.0)
(789, 0.0)
(790, 0.0)
(791, 0.0)
(792, 0.0)
(793, 0.0)
(794, 0.12157822463534436)
(795, 0.0)
(796, 0.8498283440177133)
(797, 0.0)
(798, 0.4281668515874981)
(799, 0.0)
(800, 0.0)
(801, 0.0)
(802, 0.0)
(803, 0.0)
(804, 0.0)
(805, 0.0)
(806, 0.0)
(807, 0.0)
(808, 0.0)
(809, 0.0)
(810, 0.0)
(811, 0.0)
(812, 0.0)
(813, 0.0)
(814, 0.0)
(815, 0.0)
(816, 0.0)
(817, 0.0)
(818, 0.7291847311980457)
(819, 0.0)
(820, 0.0)
(821, 0.0)
(822, 0.2718571748683696)
(823, 0.0)
(824, 0.0)
(825, 0.271751104518957)
(826, 0.25790636125282007)
(827, 0.543502209037914)
(828, 0.0)
(829, 0.0)
(830, 0.0)
(831, 0.0)
(832, 0.0)
(833, 0.0)
(834, 0.0)
(835, 0.0)
(836, 0.0)
(837, 0.0)
(838, 0.0)
(839, 0.0)
(840, 0.0)
(841, 0.0)
(842, 0.0)
(843, 0.0)
(844, 0.0)
(845, 0.0)
(846, 0.0)
(847, 0.0)
(848, 0.0)
(849, 0.05796014442834885)
(850, 0.0)
(851, 0.2025442935162444)
(852, 0.2718571748683696)
(853, 0.0)
(854, 0.3019966014970027)
(855, 0.0)
(856, 0.2952382678260264)
(857, 0.0)
(858, 0.09963791999383084)
(859, 0.0)
(860, 0.0)
(861, 0.0)
(862, 0.0)
(863, 0.0)
(864, 0.0)
(865, 0.0)
(866, 0.916252209665919)
(867, 0.0)
(868, 0.0)
(869, 0.0)
(870, 0.0)
(871, 0.0)
(872, 0.0)
(873, 0.0)
(874, 0.0)
(875, 0.0)
(876, 0.0)
(877, 0.0)
(878, 0.0)
(879, 0.0)
(880, 0.0)
(881, 0.0)
(882, 0.0)
(883, 0.0)
(884, 0.0)
(885, 0.0)
(886, 0.0)
(887, 0.5766961555909236)
(888, 0.25790636125282007)
(889, 0.0)
(890, 0.0)
(891, 0.12233338616785662)
(892, 0.0)
(893, 0.0)
(894, 0.2667313305330646)
(895, 0.0)
(896, 0.0)
(897, 0.0)
(898, 0.0)
(899, 0.0)
(900, 0.0)
(901, 0.0)
(902, 0.0)
(903, 0.0)
(904, 0.0)
(905, 0.0)
(906, 0.0)
(907, 0.0)
(908, 0.0)
(909, 0.0)
(910, 0.0)
(911, 0.0)
(912, 0.0)
(913, 0.0)
(914, 0.0)
(915, 0.0)
(916, 0.0)
(917, 0.0)
(918, 0.0)
(919, 0.0)
(920, 0.0)
(921, 0.0)
(922, 0.0)
(923, 0.0)
(924, 0.0)
(925, 0.0)
(926, 0.0)
(927, 0.0)
(928, 0.0)
(929, 0.0)
(930, 0.0)
(931, 0.0)
(932, 0.0)
(933, 0.0)
(934, 0.0)
(935, 0.0)
(936, 0.0)
(937, 0.0)
(938, 0.0)
(939, 0.0)
(940, 0.0)
(941, 0.0)
(942, 0.18710493984121393)
(943, 0.0)
(944, 0.21839137110226822)
(945, 0.0)
(946, 0.0)
(947, 0.0)
(948, 0.0)
(949, 0.0)
(950, 0.34235814537696607)
(951, 0.0)
(952, 0.0)
(953, 0.0)
(954, 0.0)
(955, 0.0)
(956, 0.0)
(957, 0.0)
(958, 0.0)
(959, 0.0)
(960, 0.0)
(961, 0.0)
(962, 0.0)
(963, 0.16040599927458227)
(964, 0.14474681454115496)
(965, 0.0)
(966, 0.0)
(967, 0.0)
(968, 0.0)
(969, 0.0)
(970, 0.0)
(971, 1.6639638708879656)
(972, 0.4834253531710912)
(973, 0.21245089397414374)
(974, 0.3054218745289309)
(975, 0.5914382581603086)
(976, 0.0)
(977, 0.0)
(978, 0.0)
(979, 0.0)
(980, 0.1805309959466367)
(981, 0.0)
(982, 0.0)
(983, 0.0)
(984, 0.0)
(985, 0.0)
(986, 0.0)
(987, 0.0)
(988, 0.0)
(989, 0.0)
(990, 0.0)
(991, 0.0)
(992, 0.0)
(993, 0.0)
(994, 0.0)
(995, 0.0)
(996, 0.0)
(997, 0.0)
(998, 0.0)
(999, 0.7743744534035564)
(1000, 0.0)
(1001, 0.0)
(1002, 0.5156711428036761)
(1003, 0.1316424827263284)
(1004, 0.0)
(1005, 0.0)
(1006, 0.0)
(1007, 0.0)
(1008, 0.0)
(1009, 0.0)
(1010, 0.15137984211840702)
(1011, 0.0)
(1012, 0.18205449127679357)
(1013, 0.0)
(1014, 0.0)
(1015, 0.0)
(1016, 0.0)
(1017, 0.0)
(1018, 0.0)
(1019, 0.0)
(1020, 0.0)
(1021, 0.0)
(1022, 0.0)
(1023, 0.0)
(1024, 0.0)
(1025, 0.0)
(1026, 0.0)
(1027, 0.0)
(1028, 0.0)
(1029, 0.0)
(1030, 0.24592470747753165)
(1031, 0.0)
(1032, 0.1825709589563619)
(1033, 1.0759124875121506)
(1034, 0.5717187097558442)
(1035, 0.0)
(1036, 0.0)
(1037, 0.0)
(1038, 0.0)
(1039, 0.0)
(1040, 0.0)
(1041, 0.0)
(1042, 0.0)
(1043, 0.18351793093459978)
(1044, 0.0)
(1045, 0.0)
(1046, 1.544775336116241)
(1047, 0.0)
(1048, 0.0)
(1049, 0.0)
(1050, 0.443767695406123)
(1051, 0.07706426537467548)
(1052, 0.0)
(1053, 0.0)
(1054, 0.0)
(1055, 0.0)
(1056, 0.0)
(1057, 0.0)
(1058, 0.0)
(1059, 0.0)
(1060, 0.0)
(1061, 0.0)
(1062, 0.0)
(1063, 0.0)
(1064, 0.0)
(1065, 0.0)
(1066, 0.17953632724245533)
(1067, 0.0)
(1068, 0.2883480777954618)
(1069, 1.3770728819299753)
(1070, 0.40367957898241874)
(1071, 1.5978972978253525)
(1072, 0.08549512625057124)
(1073, 0.0)
(1074, 0.0)
(1075, 0.0)
(1076, 0.0)
(1077, 0.0)
(1078, 0.0)
(1079, 0.0)
(1080, 0.0)
(1081, 0.0)
(1082, 0.0)
(1083, 0.48121799782374675)
(1084, 0.0)
(1085, 0.0)
(1086, 0.0)
(1087, 0.20769142993922537)
(1088, 0.42966056815975234)
(1089, 0.0)
(1090, 0.0)
(1091, 0.0)
(1092, 0.0)
(1093, 0.0)
(1094, 0.0)
(1095, 0.0)
(1096, 0.0)
(1097, 0.0)
(1098, 0.0)
(1099, 0.0)
(1100, 0.0)
(1101, 0.0)
(1102, 0.0)
(1103, 0.0)
(1104, 0.0)
(1105, 0.0)
(1106, 0.7743744534035564)
(1107, 0.8364200059966282)
(1108, 0.5216850849560419)
(1109, 0.0)
(1110, 0.14906856376456568)
(1111, 0.0)
(1112, 0.11202736456024985)
(1113, 0.47271394250232673)
(1114, 0.0)
(1115, 0.0)
(1116, 0.0)
(1117, 0.21057966216243856)
(1118, 0.25790636125282007)
(1119, 0.0)
(1120, 0.0)
(1121, 0.0)
(1122, 0.0)
(1123, 0.0)
(1124, 0.0)
(1125, 0.0)
(1126, 0.0)
(1127, 0.0)
(1128, 0.0)
(1129, 0.0)
(1130, 0.0)
(1131, 0.0)
(1132, 0.0)
(1133, 0.0)
(1134, 0.0)
(1135, 0.0)
(1136, 0.0)
(1137, 0.0)
(1138, 0.0)
(1139, 0.0)
(1140, 0.0)
(1141, 0.0)
(1142, 0.0)
(1143, 0.0)
(1144, 0.0)
(1145, 0.2861434124767726)
(1146, 0.0)
(1147, 0.0)
(1148, 0.0)
(1149, 0.0)
(1150, 0.0)
(1151, 0.0)
(1152, 0.0)
(1153, 0.3871872267017782)
(1154, 0.18180179911682218)
(1155, 0.0)
(1156, 0.0)
(1157, 0.0)
(1158, 0.0)
(1159, 0.0)
(1160, 0.2025442935162444)
(1161, 1.3521910462609914)
(1162, 0.0)
(1163, 1.0485439494503774)
(1164, 0.7167381071009482)
(1165, 0.1012721467581222)
(1166, 0.4476395159586987)
(1167, 0.2762604357087183)
(1168, 1.1796832416701715)
(1169, 0.0)
(1170, 0.46641793407343096)
(1171, 0.0)
(1172, 0.07180706880119388)
(1173, 0.7163267908747774)
(1174, 0.0)
(1175, 0.0)
(1176, 0.0)
(1177, 0.0)
(1178, 0.0)
(1179, 0.7885734749503073)
(1180, 0.0)
(1181, 0.278376328431033)
(1182, 0.0)
(1183, 0.0)
(1184, 0.0)
(1185, 0.0)
(1186, 0.0)
(1187, 0.0)
(1188, 0.0)
(1189, 0.0)
(1190, 0.0)
(1191, 0.0)
(1192, 0.0)
(1193, 0.0)
(1194, 0.4091720706224818)
(1195, 0.8895385148591276)
(1196, 0.08952060486694328)
(1197, 0.0)
(1198, 0.0)
(1199, 0.0)
(1200, 0.305417403221973)
(1201, 0.0)
(1202, 0.0)
(1203, 0.0)
(1204, 0.0)
(1205, 0.0)
(1206, 0.0)
(1207, 0.0)
(1208, 0.0)
(1209, 0.69525036184644)
(1210, 0.0)
(1211, 0.0)
(1212, 0.0)
(1213, 0.14197277926747207)
(1214, 0.4209950008461566)
(1215, 0.3363478354741755)
(1216, 0.0)
(1217, 0.0)
(1218, 0.0)
(1219, 0.0)
(1220, 0.0)
(1221, 0.0)
(1222, 0.0)
(1223, 0.0)
(1224, 0.0)
(1225, 0.6444226894490452)
(1226, 0.655852921311176)
(1227, 0.0)
(1228, 0.0)
(1229, 0.0)
(1230, 0.0)
(1231, 0.0)
(1232, 0.0)
(1233, 0.0)
(1234, 0.24715549525325295)
(1235, 0.0)
(1236, 1.1370569651911164)
(1237, 0.17487689091718162)
(1238, 0.5721620225050373)
(1239, 0.0)
(1240, 0.0)
(1241, 0.0)
(1242, 0.0)
(1243, 0.0)
(1244, 0.0)
(1245, 0.0)
(1246, 0.0)
(1247, 0.627889524567178)
(1248, 0.0)
(1249, 0.0)
(1250, 0.0)
(1251, 0.0)
(1252, 0.38976713667666313)
(1253, 0.0)
(1254, 0.0)
(1255, 0.17126674063499928)
(1256, 0.0)
(1257, 0.0)
(1258, 0.257805734083914)
(1259, 0.0)
(1260, 0.6038864071334634)
(1261, 0.3325230282511438)
(1262, 0.0)
(1263, 0.0)
(1264, 1.0008758620874965)
(1265, 0.0)
(1266, 0.0)
(1267, 0.0)
(1268, 0.0)
(1269, 0.0)
(1270, 0.15380207339445182)
(1271, 0.4578644173659391)
(1272, 0.17633281996540262)
(1273, 0.0)
(1274, 0.14474681454115496)
(1275, 0.0)
(1276, 0.0)
(1277, 0.0)
(1278, 0.0)
(1279, 0.19392139713380868)
(1280, 0.6603569470489431)
(1281, 0.5216523793761862)
(1282, 0.0)
(1283, 0.0)
(1284, 0.0)
(1285, 0.0)
(1286, 0.0)
(1287, 0.0)
(1288, 0.0)
(1289, 0.0)
(1290, 0.0722445141900617)
(1291, 0.0)
(1292, 0.21596271691064323)
(1293, 0.0)
(1294, 0.0)
(1295, 0.3318513470130181)
(1296, 0.0)
(1297, 0.0)
(1298, 0.0)
(1299, 0.0)
(1300, 0.0)
(1301, 0.0)
(1302, 0.0)
(1303, 0.0)
(1304, 0.7414479559078128)
(1305, 0.0)
(1306, 0.0)
(1307, 0.4474406646578889)
(1308, 0.20543793001845542)
(1309, 0.3895109430165852)
(1310, 0.69525036184644)
(1311, 0.0)
(1312, 0.0)
(1313, 0.0)
(1314, 0.0)
(1315, 0.8310108180596134)
(1316, 0.0)
(1317, 0.0)
(1318, 0.0)
(1319, 0.0)
(1320, 0.0)
(1321, 0.0)
(1322, 0.0)
(1323, 0.0)
(1324, 0.2104975004230783)
(1325, 0.49742574425237324)
(1326, 0.0)
(1327, 0.0)
(1328, 0.0)
(1329, 0.0)
(1330, 0.0)
(1331, 0.2222238023622449)
(1332, 0.2707964939199551)
(1333, 0.0)
(1334, 0.1217139726375746)
(1335, 0.0)
(1336, 0.0)
(1337, 0.0)
(1338, 0.0)
(1339, 0.0)
(1340, 0.0)
(1341, 0.6047619536586931)
(1342, 0.0)
(1343, 0.0)
(1344, 0.0)
(1345, 0.0)
(1346, 0.0)
(1347, 0.6338661768144696)
(1348, 0.13539824695997754)
(1349, 0.08898614871793929)
(1350, 0.03989090720782021)
(1351, 0.0)
(1352, 0.0)
(1353, 0.0)
(1354, 0.16561748397999526)
(1355, 0.0)
(1356, 0.0)
(1357, 0.0)
(1358, 0.0)
(1359, 0.0)
(1360, 0.0)
(1361, 0.0)
(1362, 0.0)
(1363, 0.0)
(1364, 0.13059596253101624)
(1365, 0.11546801298064427)
(1366, 0.26224593274809266)
(1367, 0.0)
(1368, 0.0)
(1369, 0.0)
(1370, 0.0)
(1371, 0.0)
(1372, 0.0)
(1373, 0.0)
(1374, 0.0)
(1375, 0.0)
(1376, 0.0)
(1377, 0.0)
(1378, 0.0)
(1379, 0.0)
(1380, 0.15021086831450317)
(1381, 0.6458729416488405)
(1382, 0.0)
(1383, 0.0)
(1384, 0.0)
(1385, 0.0)
(1386, 0.1205028582047452)
(1387, 0.0)
(1388, 0.1389156702912165)
(1389, 0.0)
(1390, 0.0)
(1391, 1.0075816212540516)
(1392, 0.0)
(1393, 0.7419257228923596)
(1394, 0.3860324859402629)
(1395, 0.0)
(1396, 0.0)
(1397, 0.0)
(1398, 0.0)
(1399, 0.0)
(1400, 0.0)
(1401, 0.0)
(1402, 0.0)
(1403, 0.0)
(1404, 0.0)
(1405, 0.0)
(1406, 0.0)
(1407, 0.0)
(1408, 0.6993019738405273)
(1409, 0.06368543654340283)
(1410, 2.0909255154319304)
(1411, 0.0)
(1412, 0.5090400855704893)
(1413, 0.09234529070126586)
(1414, 0.0)
(1415, 0.0)
(1416, 0.0)
(1417, 0.662047110995507)
(1418, 0.0)
(1419, 0.0)
(1420, 0.0)
(1421, 0.0)
(1422, 0.0)
(1423, 0.0)
(1424, 0.0)
(1425, 0.0)
(1426, 0.0)
(1427, 0.25115773413233017)
(1428, 0.34959677038778136)
(1429, 0.0)
(1430, 0.0)
(1431, 0.0)
(1432, 0.14474681454115496)
(1433, 0.07265688617812358)
(1434, 0.0)
(1435, 0.0)
(1436, 0.0)
(1437, 0.0)
(1438, 0.0)
(1439, 0.16040599927458227)
(1440, 1.1651376287924875)
(1441, 0.3221581162353248)
(1442, 0.0)
(1443, 0.0)
(1444, 0.0)
(1445, 0.0)
(1446, 0.0)
(1447, 0.0)
(1448, 0.0)
(1449, 0.0)
(1450, 0.0)
(1451, 0.0)
(1452, 0.0)
(1453, 0.0)
(1454, 0.0)
(1455, 0.472830027362177)
(1456, 0.12110387369472561)
(1457, 0.0)
(1458, 0.1389156702912165)
(1459, 0.38677195179543905)
(1460, 0.0)
(1461, 0.8715424522177138)
(1462, 1.1278647989084667)
(1463, 0.12557886706616508)
(1464, 0.9341474542427651)
(1465, 0.0)
(1466, 0.0)
(1467, 0.16794085625524915)
(1468, 0.43898025676337377)
(1469, 0.1205028582047452)
(1470, 0.0)
(1471, 0.3553034749301971)
(1472, 0.9235893122505971)
(1473, 0.0)
(1474, 0.0)
(1475, 0.0)
(1476, 0.06501196569949129)
(1477, 0.0)
(1478, 0.0)
(1479, 0.0)
(1480, 0.0)
(1481, 0.0)
(1482, 0.6202304854264074)
(1483, 0.30886855686920217)
(1484, 0.4577296180040297)
(1485, 0.0)
(1486, 0.1389156702912165)
(1487, 0.616760273894585)
(1488, 0.0)
(1489, 0.24945847872849605)
(1490, 0.0)
(1491, 0.0)
(1492, 0.0)
(1493, 0.0)
(1494, 0.0)
(1495, 0.0)
(1496, 0.0)
(1497, 0.0)
(1498, 0.0)
(1499, 0.0)
(1500, 0.0)
(1501, 0.0)
(1502, 0.3358817125104983)
(1503, 0.18933245805981586)
(1504, 0.0)
(1505, 0.5415929878399102)
(1506, 1.0672266491518203)
(1507, 0.146860018504357)
(1508, 0.0)
(1509, 0.0)
(1510, 0.0)
(1511, 0.0)
(1512, 0.0)
(1513, 0.0)
(1514, 0.13373685585684014)
(1515, 0.5921824826191124)
(1516, 0.1012721467581222)
(1517, 0.18890542575591782)
(1518, 0.6026059725628605)
(1519, 1.570417851596687)
(1520, 0.0)
(1521, 0.0)
(1522, 0.0)
(1523, 1.4569265345850284)
(1524, 0.0)
(1525, 0.2151619594566225)
(1526, 0.6093962126456146)
(1527, 0.0)
(1528, 0.2048802225347385)
(1529, 0.0)
(1530, 0.28411774910672016)
(1531, 0.0)
(1532, 0.0)
(1533, 0.5349474234273606)
(1534, 0.9701573445049733)
(1535, 0.0)
(1536, 0.0)
(1537, 0.0)
(1538, 0.0)
(1539, 0.0)
(1540, 0.1080250873840336)
(1541, 0.0)
(1542, 0.8768189455704629)
(1543, 0.3042048323475158)
(1544, 1.1136624411332166)
(1545, 0.0)
(1546, 0.0)
(1547, 0.0)
(1548, 0.0)
(1549, 0.130589665461812)
(1550, 0.3003177778528404)
(1551, 0.0)
(1552, 0.26460493643065797)
(1553, 0.28688969522662094)
(1554, 0.0)
(1555, 0.0)
(1556, 0.0)
(1557, 0.0)
(1558, 0.0)
(1559, 0.0)
(1560, 0.0)
(1561, 0.0)
(1562, 0.0)
(1563, 0.0)
(1564, 0.07811758437446621)
(1565, 0.0)
(1566, 0.0)
(1567, 0.0)
(1568, 0.0)
(1569, 0.0)
(1570, 0.4060993253987863)
(1571, 0.7634183565934878)
(1572, 1.6698835086402166)
(1573, 0.0)
(1574, 0.0)
(1575, 0.0)
(1576, 0.0)
(1577, 0.0)
(1578, 0.0)
(1579, 0.0)
(1580, 0.0)
(1581, 0.0)
(1582, 0.0)
(1583, 0.0)
(1584, 0.0)
(1585, 0.0)
(1586, 0.0)
(1587, 0.09747944191664953)
(1588, 0.3811236557776523)
(1589, 0.3262634671733039)
(1590, 0.6111123609776477)
(1591, 1.5339534486881772)
(1592, 0.0)
(1593, 0.0)
(1594, 0.0)
(1595, 0.0)
(1596, 0.0)
(1597, 0.0)
(1598, 0.0)
(1599, 0.0)
(1600, 0.0)
(1601, 0.0)
(1602, 0.0)
(1603, 0.08645040870749701)
(1604, 0.23719678993153903)
(1605, 1.3927014046838662)
(1606, 0.0)
(1607, 0.0)
(1608, 0.0)
(1609, 0.08115239982583444)
(1610, 0.0)
(1611, 0.17855792035485935)
(1612, 0.0)
(1613, 0.0)
(1614, 0.0)
(1615, 0.193581065269308)
(1616, 0.0)
(1617, 0.3651419179127238)
(1618, 0.0)
(1619, 0.12737087308680567)
(1620, 0.0)
(1621, 0.10038991496393038)
(1622, 0.3399841339687992)
(1623, 0.11055220570642954)
(1624, 0.0)
(1625, 0.0)
(1626, 0.5717187097558442)
(1627, 0.1298369810055284)
(1628, 0.0)
(1629, 0.0)
(1630, 0.0)
(1631, 0.0)
(1632, 0.21596587860211391)
(1633, 0.0)
(1634, 0.0)
(1635, 0.0)
(1636, 0.0)
(1637, 0.07706426537467548)
(1638, 0.0)
(1639, 0.0)
(1640, 0.0)
(1641, 0.2500015048122986)
(1642, 0.8762243206124459)
(1643, 0.11533923111818471)
(1644, 0.0)
(1645, 0.08196802232767432)
(1646, 0.09175896546729989)
(1647, 0.9477935552639822)
(1648, 0.0)
(1649, 0.0)
(1650, 0.0)
(1651, 0.08055709848769242)
(1652, 0.24438984324602278)
(1653, 0.23750423659272382)
(1654, 0.20910500149915706)
(1655, 0.0)
(1656, 0.0)
(1657, 1.7673756523460344)
(1658, 0.21057966216243856)
(1659, 0.0)
(1660, 0.0)
(1661, 0.0)
(1662, 0.0)
(1663, 0.0)
(1664, 0.16111419697538484)
(1665, 0.46559046082572025)
(1666, 0.0)
(1667, 0.0)
(1668, 0.0)
(1669, 0.0)
(1670, 0.0)
(1671, 0.39421173890099165)
(1672, 0.0)
(1673, 0.0)
(1674, 0.0)
(1675, 0.13785674881108614)
(1676, 0.2670565772127276)
(1677, 0.5290458154828526)
(1678, 0.0)
(1679, 0.07353760786358492)
(1680, 1.6066885706808482)
(1681, 0.20543793001845542)
(1682, 0.5243951555816719)
(1683, 0.0)
(1684, 0.0)
(1685, 0.7693395206367143)
(1686, 0.0)
(1687, 0.0)
(1688, 0.0)
(1689, 0.0)
(1690, 0.0)
(1691, 0.7420691770727706)
(1692, 0.1576638143187557)
(1693, 0.0)
(1694, 0.1323031717552234)
(1695, 0.26930449086368297)
(1696, 0.0)
(1697, 1.0192540475898157)
(1698, 0.606132224336279)
(1699, 0.31154292013754636)
(1700, 0.11771760981853827)
(1701, 0.0)
(1702, 0.0)
(1703, 0.0)
(1704, 0.0)
(1705, 0.0)
(1706, 0.0)
(1707, 0.0)
(1708, 0.20183978949120937)
(1709, 0.0)
(1710, 0.12110387369472561)
(1711, 0.22488526013048651)
(1712, 0.6012163256749804)
(1713, 0.09818327374204742)
(1714, 0.0)
(1715, 0.0)
(1716, 0.0)
(1717, 0.0)
(1718, 0.35136668288390005)
(1719, 0.5768653948103505)
(1720, 0.0)
(1721, 0.21161789144889545)
(1722, 0.0)
(1723, 0.27962957961549095)
(1724, 0.0)
(1725, 0.0)
(1726, 0.31288207190970396)
(1727, 0.04566323887752487)
(1728, 0.23058845856034646)
(1729, 0.0)
(1730, 0.0)
(1731, 0.0)
(1732, 0.0)
(1733, 0.0)
(1734, 0.3358817125104983)
(1735, 0.4211593243248771)
(1736, 0.0)
(1737, 0.0)
(1738, 0.0)
(1739, 0.3327483393845325)
(1740, 0.3090551675081217)
(1741, 0.16442133257642816)
(1742, 0.0)
(1743, 0.0)
(1744, 0.293720037008714)
(1745, 0.12296235373876582)
(1746, 0.5102657675672928)
(1747, 0.3032336114876426)
(1748, 0.07997336766715515)
(1749, 0.37373466808964445)
(1750, 0.5230629893324269)
(1751, 0.0)
(1752, 1.3547908057408615)
(1753, 0.819874224755934)
(1754, 0.12557886706616508)
(1755, 0.9399372948956755)
(1756, 0.0)
(1757, 0.0)
(1758, 0.0)
(1759, 0.0)
(1760, 0.0)
(1761, 0.0)
(1762, 0.0)
(1763, 0.0)
(1764, 0.0)
(1765, 0.5043802412795689)
(1766, 0.0)
(1767, 0.5030132656112839)
(1768, 0.0)
(1769, 1.097313828475813)
(1770, 0.0)
(1771, 0.0)
(1772, 0.0)
(1773, 0.0)
(1774, 0.43264904610776284)
(1775, 0.0)
(1776, 0.0)
(1777, 0.0)
(1778, 0.0)
(1779, 0.0)
(1780, 0.0)
(1781, 0.0)
(1782, 0.0)
(1783, 0.0)
(1784, 0.0)
(1785, 0.0)
(1786, 0.0)
(1787, 0.0)
(1788, 0.0)
(1789, 0.0)
(1790, 0.0)
(1791, 0.0)
(1792, 0.11392494122671976)
(1793, 0.0)
(1794, 0.7291847311980457)
(1795, 0.0)
(1796, 0.0)
(1797, 0.0)
(1798, 0.0)
(1799, 0.0)
(1800, 0.0)
(1801, 0.0)
(1802, 0.0)
(1803, 0.0)
(1804, 0.0)
(1805, 0.18398787123832283)
(1806, 0.0)
(1807, 0.0)
(1808, 0.6041588157594496)
(1809, 0.0)
(1810, 0.4060436346553712)
(1811, 0.30950924868632784)
(1812, 0.0)
(1813, 0.0)
(1814, 0.0)
(1815, 0.0)
(1816, 0.0)
(1817, 0.0)
(1818, 0.0)
(1819, 0.0)
(1820, 0.0)
(1821, 0.0)
(1822, 0.0)
(1823, 0.0)
(1824, 0.2295108523450443)
(1825, 0.0)
(1826, 0.0)
(1827, 1.3643264454685655)
(1828, 0.1389156702912165)
(1829, 0.33269792774156637)
(1830, 0.0)
(1831, 0.0)
(1832, 0.0)
(1833, 0.0)
(1834, 0.0)
(1835, 0.0)
(1836, 0.0)
(1837, 0.0)
(1838, 0.0)
(1839, 0.0)
(1840, 0.0)
(1841, 0.0)
(1842, 0.0)
(1843, 0.0)
(1844, 1.5396167013311204)
(1845, 0.3589444835309552)
(1846, 0.0)
(1847, 0.06311081935327195)
(1848, 0.0)
(1849, 0.0)
(1850, 0.0)
(1851, 0.0)
(1852, 0.16183185842028874)
(1853, 0.5099392994030513)
(1854, 0.7574460382554863)
(1855, 0.0)
(1856, 0.10810260812561463)
(1857, 0.0)
(1858, 0.0)
(1859, 0.0)
(1860, 0.0)
(1861, 0.0)
(1862, 0.4400092390686648)
(1863, 0.0)
(1864, 0.0)
(1865, 0.0)
(1866, 0.0)
(1867, 0.0)
(1868, 0.0)
(1869, 0.08155715246051087)
(1870, 0.0)
(1871, 0.0)
(1872, 0.0)
(1873, 0.0)
(1874, 0.48344476926378327)
(1875, 0.0)
(1876, 0.0)
(1877, 0.4681380016498859)
(1878, 0.21663719513596408)
(1879, 0.0)
(1880, 0.34959677038778136)
(1881, 0.0)
(1882, 0.0)
(1883, 0.0)
(1884, 0.2825222635644918)
(1885, 0.8833905389604955)
(1886, 0.06637026940260361)
(1887, 0.0)
(1888, 0.0)
(1889, 0.0)
(1890, 0.0)
(1891, 0.18126553234918866)
(1892, 0.23935488512327865)
(1893, 0.0)
(1894, 0.0)
(1895, 0.0)
(1896, 0.0)
(1897, 0.0)
(1898, 0.0)
(1899, 0.0)
(1900, 0.0)
(1901, 0.6803543567563904)
(1902, 0.531937290917846)
(1903, 0.0)
(1904, 0.0)
(1905, 0.0)
(1906, 0.0)
(1907, 0.0)
(1908, 1.423268853601182)
(1909, 0.0)
(1910, 0.16040599927458227)
(1911, 0.0)
(1912, 0.0)
(1913, 0.0)
(1914, 0.0)
(1915, 0.08846115210822282)
(1916, 0.15552338751299247)
(1917, 0.0)
(1918, 0.0)
(1919, 0.0)
(1920, 0.0)
(1921, 0.0)
(1922, 0.0)
(1923, 0.21408342579374906)
(1924, 0.15729546199057168)
(1925, 0.0)
(1926, 0.16957934243336786)
(1927, 0.16183185842028874)
(1928, 0.12976677343317997)
(1929, 0.5706795331406685)
(1930, 0.0)
(1931, 0.2691197193216125)
(1932, 0.0)
(1933, 0.0)
(1934, 0.0)
(1935, 0.0)
(1936, 0.20466180737906706)
(1937, 0.5995535149189504)
(1938, 2.0327489998787693)
(1939, 0.2961783732329734)
(1940, 0.0)
(1941, 0.0)
(1942, 0.0)
(1943, 0.0)
(1944, 0.0)
(1945, 0.0)
(1946, 0.0)
(1947, 0.12295203349151149)
(1948, 0.44977052026097303)
(1949, 0.0)
(1950, 0.0)
(1951, 0.0)
(1952, 0.0)
(1953, 0.0)
(1954, 0.0)
(1955, 0.0)
(1956, 0.4388902209279606)
(1957, 0.2278498824534395)
(1958, 0.0)
(1959, 0.22392114167366553)
(1960, 0.8867668330414482)
(1961, 0.0)
(1962, 0.372125449320984)
(1963, 0.0)
(1964, 0.0)
(1965, 0.5682354982134403)
(1966, 0.0)
(1967, 0.0)
(1968, 0.0)
(1969, 0.0)
(1970, 0.0)
(1971, 0.0)
(1972, 0.0)
(1973, 0.14197277926747207)
(1974, 0.0)
(1975, 0.0)
(1976, 0.052977063413107164)
(1977, 0.1427222838624994)
(1978, 0.30027757694856366)
(1979, 0.0)
(1980, 0.0)
(1981, 0.0)
(1982, 0.0)
(1983, 0.0)
(1984, 0.0)
(1985, 0.0)
(1986, 0.0)
(1987, 0.0)
(1988, 0.1563444286602929)
(1989, 0.11009443063156875)
(1990, 0.0)
(1991, 0.0)
(1992, 0.0)
(1993, 0.0)
(1994, 0.0)
(1995, 0.0)
(1996, 0.0)
(1997, 0.07572391503455972)
(1998, 0.12233338616785662)
(1999, 0.0)
(2000, 0.0)
(2001, 0.0)
(2002, 0.41403201773238335)
(2003, 0.5422474018097252)
(2004, 0.11653225679592712)
(2005, 0.0)
(2006, 0.0)
(2007, 0.0)
(2008, 0.0)
(2009, 0.0)
(2010, 0.0)
(2011, 0.0)
(2012, 0.0)
(2013, 0.0)
(2014, 0.0)
(2015, 0.0)
(2016, 0.1576638143187557)
(2017, 0.34159379021880515)
(2018, 0.0)
(2019, 0.0)
(2020, 0.0)
(2021, 0.0)
(2022, 0.0)
(2023, 0.0)
(2024, 0.0)
(2025, 0.0)
(2026, 0.0)
(2027, 0.0)
(2028, 0.0)
(2029, 0.0)
(2030, 0.06917587385322693)
(2031, 0.0)
(2032, 0.0)
(2033, 0.22413932596290267)
(2034, 0.17479838519389068)
(2035, 0.1914820371723419)
(2036, 0.8437801993949465)
(2037, 0.0)
(2038, 0.0)
(2039, 0.0)
(2040, 0.0)
(2041, 0.0)
(2042, 0.0)
(2043, 0.0)
(2044, 0.0)
(2045, 0.0)
(2046, 0.0)
(2047, 0.0)
(2048, 0.0)
(2049, 0.0)
(2050, 0.0)
(2051, 0.0)
(2052, 0.12737087308680567)
(2053, 0.32718241915383595)
(2054, 0.7217274661123269)
(2055, 0.0)
(2056, 0.0)
(2057, 0.0)
(2058, 0.0)
(2059, 0.0)
(2060, 0.0)
(2061, 0.0)
(2062, 0.1599467353343103)
(2063, 0.0)
(2064, 0.37274985829332963)
(2065, 0.4385691821436367)
(2066, 0.0)
(2067, 0.0)
(2068, 0.0)
(2069, 0.0)
(2070, 0.3829640743446838)
(2071, 0.0)
(2072, 0.0)
(2073, 0.0)
(2074, 0.0)
(2075, 0.3126888573205858)
(2076, 0.0)
(2077, 0.0)
(2078, 0.0)
(2079, 0.0)
(2080, 0.7604111318958319)
(2081, 0.0)
(2082, 0.0)
(2083, 0.6070696895678357)
(2084, 0.0)
(2085, 0.0)
(2086, 0.0)
(2087, 0.45772961800402984)
(2088, 0.0)
(2089, 0.0)
(2090, 0.0)
(2091, 0.18736018495919327)
(2092, 0.7065305071943426)
(2093, 0.0)
(2094, 0.0)
(2095, 0.5650995517359543)
(2096, 0.0)
(2097, 0.2658575415597297)
(2098, 0.0)
(2099, 0.0)
(2100, 0.0)
(2101, 0.0)
(2102, 0.0)
(2103, 0.0)
(2104, 0.0)
(2105, 0.54377244528884)
(2106, 0.18414714036264904)
(2107, 0.0)
(2108, 0.0)
(2109, 0.0)
(2110, 0.15695681309138435)
(2111, 0.32721751088246287)
(2112, 0.0)
(2113, 0.10919568555113411)
(2114, 0.12625951631748852)
(2115, 0.0)
(2116, 0.0)
(2117, 0.0)
(2118, 0.0)
(2119, 0.0)
(2120, 0.0)
(2121, 0.0)
(2122, 0.0)
(2123, 0.0)
(2124, 0.0)
(2125, 0.0)
(2126, 0.4350179562310719)
(2127, 0.0)
(2128, 0.5853487577750397)
(2129, 0.0)
(2130, 0.08694021664252327)
(2131, 0.0)
(2132, 0.0)
(2133, 0.0)
(2134, 0.0941740878548306)
(2135, 0.0)
(2136, 0.0)
(2137, 0.12296235373876582)
(2138, 0.2391090928894277)
(2139, 0.0)
(2140, 0.08155715246051087)
(2141, 0.0)
(2142, 0.0)
(2143, 0.277831340582433)
(2144, 0.14583694623960916)
(2145, 0.06165141229974039)
(2146, 0.0)
(2147, 0.41392055624377855)
(2148, 0.0)
(2149, 0.0)
(2150, 0.0)
(2151, 0.9015342808595684)
(2152, 0.09727297215657049)
(2153, 0.5799823673345528)
(2154, 0.0)
(2155, 0.0)
(2156, 0.0)
(2157, 0.0)
(2158, 0.0)
(2159, 0.0)
(2160, 0.0)
(2161, 0.0)
(2162, 0.0)
(2163, 0.5497513257995514)
(2164, 0.0)
(2165, 0.0)
(2166, 0.0)
(2167, 0.20183978949120937)
(2168, 0.2988073813268684)
(2169, 0.5517918025364201)
(2170, 0.0)
(2171, 0.0)
(2172, 0.0)
(2173, 0.0)
(2174, 0.0)
(2175, 0.13362844528457704)
(2176, 0.1627530324842927)
(2177, 0.06427604055735749)
(2178, 0.0)
(2179, 0.0)
(2180, 0.0)
(2181, 0.0)
(2182, 0.0)
(2183, 0.0)
(2184, 0.30610888408277703)
(2185, 0.0)
(2186, 0.07019322072081287)
(2187, 0.6153905076403888)
(2188, 0.6862038692822195)
(2189, 0.07496141593431017)
(2190, 0.0)
(2191, 0.0)
(2192, 0.0)
(2193, 0.0)
(2194, 0.18398787123832283)
(2195, 0.1249091083329814)
(2196, 0.16495746291531027)
(2197, 0.2512374965022869)
(2198, 0.0)
(2199, 0.0)
(2200, 0.0)
(2201, 0.5939000796445233)
(2202, 0.2261118422929165)
(2203, 0.0)
(2204, 0.0)
(2205, 0.0)
(2206, 0.0)
(2207, 0.096790532634654)
(2208, 0.0)
(2209, 0.35329631013686497)
(2210, 0.2030218173276856)
(2211, 0.1298369810055284)
(2212, 0.0)
(2213, 0.0)
(2214, 0.0)
(2215, 0.0)
(2216, 0.0)
(2217, 0.0)
(2218, 1.642850353990696)
(2219, 1.0392362174475824)
(2220, 0.08367587288219262)
(2221, 0.0)
(2222, 0.0)
(2223, 0.0)
(2224, 0.0)
(2225, 0.0)
(2226, 0.0)
(2227, 0.0)
(2228, 0.25819432625154864)
(2229, 0.0)
(2230, 0.0)
(2231, 0.17193757416854674)
(2232, 0.0)
(2233, 0.04822575523147159)
(2234, 0.0)
(2235, 0.0)
(2236, 0.0)
(2237, 0.0)
(2238, 0.0)
(2239, 0.0)
(2240, 0.0)
(2241, 0.0)
(2242, 0.0)
(2243, 0.0)
(2244, 0.0)
(2245, 0.32796161101829346)
(2246, 0.0)
(2247, 0.47155995683839835)
(2248, 0.0)
(2249, 0.414999151234562)
(2250, 0.0)
(2251, 0.0)
(2252, 0.0)
(2253, 0.0)
(2254, 0.0)
(2255, 0.0)
(2256, 0.0)
(2257, 0.0)
(2258, 0.0)
(2259, 0.0)
(2260, 0.0)
(2261, 0.0)
(2262, 0.1576638143187557)
(2263, 0.1960117747508162)
(2264, 0.0)
(2265, 0.0)
(2266, 0.0)
(2267, 0.0)
(2268, 0.0)
(2269, 0.0)
(2270, 0.0)
(2271, 0.0)
(2272, 0.0)
(2273, 0.1447405402505535)
(2274, 0.41087586003691084)
(2275, 0.0)
(2276, 0.0)
(2277, 0.1012721467581222)
(2278, 0.0)
(2279, 0.0)
(2280, 0.0)
(2281, 0.0)
(2282, 0.0)
(2283, 0.45888818380147933)
(2284, 0.0)
(2285, 0.0)
(2286, 0.0)
(2287, 0.0)
(2288, 0.26980408320830174)
(2289, 0.04831028773321081)
(2290, 0.0)
(2291, 0.0)
(2292, 0.0)
(2293, 0.0)
(2294, 0.0)
(2295, 0.0)
(2296, 0.0)
(2297, 0.3805560166291617)
(2298, 0.0)
(2299, 0.0)
(2300, 0.0)
(2301, 0.0)
(2302, 0.4249017879482875)
(2303, 0.4581261048329595)
(2304, 0.3161370467808902)
(2305, 0.1313555938210477)
(2306, 0.0)
(2307, 0.2028616489472856)
(2308, 0.643767546804815)
(2309, 0.3871872267017782)
(2310, 0.0)
(2311, 0.6717634250209966)
(2312, 0.5122005563368462)
(2313, 1.0487983261326739)
(2314, 0.15833615772848253)
(2315, 0.0)
(2316, 0.07638527182751953)
(2317, 1.3037867434241381)
(2318, 0.346011067699216)
(2319, 2.705233507113826)
(2320, 0.477434729097426)
(2321, 0.7112710946898505)
(2322, 0.3414670375578975)
(2323, 0.0)
(2324, 0.0)
(2325, 0.0)
(2326, 0.0)
(2327, 0.0)
(2328, 0.0)
(2329, 0.0)
(2330, 0.0)
(2331, 0.0)
(2332, 0.0)
(2333, 0.0)
(2334, 0.0)
(2335, 0.0)
(2336, 0.0)
(2337, 0.0)
(2338, 0.0)
(2339, 0.0)
(2340, 1.1137702104986367)
(2341, 0.0)
(2342, 0.1640437859643558)
(2343, 0.0)
(2344, 1.1134790942543256)
(2345, 0.0)
(2346, 0.0)
(2347, 0.0)
(2348, 0.0)
(2349, 0.0)
(2350, 0.0)
(2351, 0.0)
(2352, 0.0)
(2353, 0.16957934243336786)
(2354, 0.0)
(2355, 0.0)
(2356, 0.14906856376456568)
(2357, 0.7374702686331323)
(2358, 0.9737943736993802)
(2359, 0.05342986706133426)
(2360, 0.0)
(2361, 0.0)
(2362, 0.0)
(2363, 0.0)
(2364, 0.0)
(2365, 0.5363257786583788)
(2366, 0.07959163103568721)
(2367, 0.6959435121795553)
(2368, 0.0)
(2369, 0.0)
(2370, 0.6768119543571476)
(2371, 1.5332815247383285)
(2372, 0.6495647016108451)
(2373, 0.13545905723175508)
(2374, 0.24306157706601525)
(2375, 0.4221778124108956)
(2376, 0.2596739620110568)
(2377, 0.1012721467581222)
(2378, 0.8325476960716314)
(2379, 1.4546836706703374)
(2380, 1.4452510597775066)
(2381, 0.0)
(2382, 0.0)
(2383, 0.0)
(2384, 0.0)
(2385, 0.0)
(2386, 0.0)
(2387, 0.0)
(2388, 0.16072130032610077)
(2389, 0.13983870815511254)
(2390, 0.3579815773515711)
(2391, 0.0)
(2392, 0.0)
(2393, 0.0)
(2394, 0.0)
(2395, 0.0)
(2396, 0.0)
(2397, 0.0)
(2398, 0.5747335501697478)
(2399, 0.1990935419416879)
(2400, 0.0)
(2401, 0.0)
(2402, 0.25225406709900305)
(2403, 0.0)
(2404, 0.0)
(2405, 0.0)
(2406, 0.07289596573365394)
(2407, 0.0)
(2408, 0.0)
(2409, 0.0)
(2410, 0.0)
(2411, 0.0)
(2412, 0.0)
(2413, 0.0)
(2414, 0.0)
(2415, 0.0)
(2416, 0.0)
(2417, 0.0)
(2418, 0.0)
(2419, 0.0)
(2420, 0.0)
(2421, 0.09818327374204742)
(2422, 0.0)
(2423, 0.2201888612631375)
(2424, 1.095074367416712)
(2425, 0.0)
(2426, 0.0)
(2427, 0.0)
(2428, 0.0)
(2429, 0.0)
(2430, 0.0)
(2431, 0.0)
(2432, 0.0)
(2433, 0.0)
(2434, 0.0)
(2435, 0.39291284990397524)
(2436, 0.0)
(2437, 0.0)
(2438, 0.5375936998499988)
(2439, 1.3868464436083647)
(2440, 0.0)
(2441, 0.0)
(2442, 0.0)
(2443, 0.0)
(2444, 0.0)
(2445, 0.0)
(2446, 0.0)
(2447, 0.0)
(2448, 0.0)
(2449, 0.0)
(2450, 0.0)
(2451, 0.0)
(2452, 0.42036147887769776)
(2453, 0.15079922824472103)
(2454, 0.0)
(2455, 0.22717174510367916)
(2456, 0.0)
(2457, 0.0)
(2458, 0.0)
(2459, 0.0)
(2460, 0.0)
(2461, 0.0)
(2462, 0.0)
(2463, 0.0)
(2464, 0.0)
(2465, 0.0)
(2466, 0.0)
(2467, 0.0)
(2468, 0.0)
(2469, 0.0)
(2470, 0.5163886525030973)
(2471, 0.0)
(2472, 0.0)
(2473, 0.0)
(2474, 0.0)
(2475, 0.0)
(2476, 0.0)
(2477, 0.0)
(2478, 0.0)
(2479, 0.0)
(2480, 0.0)
(2481, 0.18348067196706697)
(2482, 0.46582787380351315)
(2483, 0.18891911799154923)
(2484, 0.0)
(2485, 0.17314499961646307)
(2486, 0.13292877077986484)
(2487, 0.0)
(2488, 0.0)
(2489, 0.0)
(2490, 0.0900648080853314)
(2491, 0.0)
(2492, 0.0)
(2493, 0.0)
(2494, 0.0)
(2495, 0.5289984598962078)
(2496, 0.2850272598178844)
(2497, 0.2023530624062263)
(2498, 0.15021086831450317)
(2499, 0.3253786145450555)
(2500, 0.8302797659743548)
(2501, 0.7262917198266173)
(2502, 0.0)
(2503, 0.0)
(2504, 0.0)
(2505, 0.0)
(2506, 0.0)
(2507, 0.0)
(2508, 0.0)
(2509, 0.0)
(2510, 0.0)
(2511, 0.0)
(2512, 0.0)
(2513, 0.09355246992060696)
(2514, 0.1576638143187557)
(2515, 0.06572062633319871)
(2516, 0.192083238140424)
(2517, 0.0)
(2518, 0.0)
(2519, 0.28156078719483163)
(2520, 0.0)
(2521, 0.0)
(2522, 0.7091192744237931)
(2523, 0.0)
(2524, 0.0)
(2525, 0.0)
(2526, 0.5106831315894013)
(2527, 0.0)
(2528, 0.0)
(2529, 0.0)
(2530, 0.0)
(2531, 0.0)
(2532, 0.0)
(2533, 0.0)
(2534, 0.14946829744697054)
(2535, 0.604204310370961)
(2536, 0.7333292058853241)
(2537, 0.6555953488294949)
(2538, 0.0)
(2539, 0.0)
(2540, 0.0)
(2541, 1.0170550024014173)
(2542, 0.5799084795239038)
(2543, 0.1243734915062618)
(2544, 0.0)
(2545, 0.0)
(2546, 0.0)
(2547, 0.0)
(2548, 0.0)
(2549, 0.0)
(2550, 0.0)
(2551, 0.0)
(2552, 0.0)
(2553, 0.0)
(2554, 0.0)
(2555, 0.0)
(2556, 0.2860097825686727)
(2557, 0.7655360857136516)
(2558, 0.0)
(2559, 0.0)
(2560, 0.5254223752841908)
(2561, 0.22886480900201492)
(2562, 0.0)
(2563, 0.0)
(2564, 0.0)
(2565, 0.0)
(2566, 0.0)
(2567, 0.16772345863627222)
(2568, 0.0)
(2569, 0.0)
(2570, 0.17388043328504654)
(2571, 0.10309046338281781)
(2572, 0.0)
(2573, 0.0)
(2574, 0.0)
(2575, 0.0)
(2576, 0.0)
(2577, 0.34959677038778136)
(2578, 0.0)
(2579, 0.0)
(2580, 0.0)
(2581, 0.2796774163102251)
(2582, 0.4614018518761973)
(2583, 0.0)
(2584, 0.2160501747680672)
(2585, 0.0)
(2586, 0.5122005563368462)
(2587, 0.0)
(2588, 0.0)
(2589, 0.0)
(2590, 0.0)
(2591, 0.0)
(2592, 0.0)
(2593, 0.10964229553590918)
(2594, 0.09545542686027916)
(2595, 0.0)
(2596, 0.07496141593431017)
(2597, 0.9005917783652564)
(2598, 0.10850202165619516)
(2599, 0.0)
(2600, 0.0)
(2601, 0.0)
(2602, 0.0)
(2603, 0.0)
(2604, 0.14372385603712542)
(2605, 0.0)
(2606, 0.0)
(2607, 0.6177371137384043)
(2608, 0.0)
(2609, 0.0)
(2610, 0.0)
(2611, 0.0)
(2612, 0.0)
(2613, 0.0)
(2614, 0.0)
(2615, 0.0)
(2616, 0.0)
(2617, 0.0)
(2618, 0.24220774738945122)
(2619, 0.0)
(2620, 0.3186453446814988)
(2621, 0.5400024966284146)
(2622, 0.5882834142308841)
(2623, 0.13983870815511254)
(2624, 0.4876520519671695)
(2625, 0.0)
(2626, 0.7808390619706659)
(2627, 0.5504213327326436)
(2628, 0.19636654748409485)
(2629, 1.5178294456896393)
(2630, 0.0)
(2631, 0.0)
(2632, 1.0915220492889448)
(2633, 0.0)
(2634, 0.0)
(2635, 0.0)
(2636, 0.0)
(2637, 0.0)
(2638, 0.0)
(2639, 0.0)
(2640, 0.0)
(2641, 0.0)
(2642, 0.3236637168405775)
(2643, 0.0)
(2644, 0.0)
(2645, 0.1494036906634342)
(2646, 0.1217139726375746)
(2647, 0.0)
(2648, 0.27962957961549095)
(2649, 0.0)
(2650, 0.09294300108806398)
(2651, 0.0)
(2652, 0.0)
(2653, 0.0)
(2654, 0.0)
(2655, 0.0)
(2656, 0.0)
(2657, 0.0)
(2658, 0.0)
(2659, 0.0)
(2660, 0.0)
(2661, 0.0)
(2662, 0.0)
(2663, 0.0)
(2664, 0.13407913272016617)
(2665, 0.21797065853437073)
(2666, 0.7295441893972651)
(2667, 0.3886836521278142)
(2668, 0.42630598229090216)
(2669, 0.29571431988852354)
(2670, 0.0)
(2671, 0.0)
(2672, 0.0)
(2673, 0.0)
(2674, 0.20180161683177986)
(2675, 0.0)
(2676, 0.0)
(2677, 0.0)
(2678, 0.0)
(2679, 0.0)
(2680, 0.09355246992060696)
(2681, 0.6724594207581399)
(2682, 0.14579193146730787)
(2683, 0.0)
(2684, 0.0)
(2685, 1.0389323507097572)
(2686, 0.0)
(2687, 0.14890230709503255)
(2688, 0.0)
(2689, 0.40367957898241874)
(2690, 0.0)
(2691, 0.0)
(2692, 0.0)
(2693, 0.0)
(2694, 0.0)
(2695, 0.07672251528554522)
(2696, 0.0)
(2697, 0.16794085625524915)
(2698, 0.0)
(2699, 0.0)
(2700, 0.1576638143187557)
(2701, 0.1425136299089422)
(2702, 0.12698431415865613)
(2703, 0.14890230709503255)
(2704, 0.0)
(2705, 0.07237027012527675)
(2706, 0.0)
(2707, 0.21797065853437075)
(2708, 0.0)
(2709, 0.06182831772017964)
(2710, 0.0)
(2711, 0.11762648039638676)
(2712, 0.0)
(2713, 0.0)
(2714, 0.0)
(2715, 0.13539824695997754)
(2716, 0.0679642937170924)
(2717, 0.0)
(2718, 0.1249091083329814)
(2719, 0.23095367366552513)
(2720, 0.16647784033552104)
(2721, 0.0)
(2722, 0.11928099316940752)
(2723, 0.18116740301263798)
(2724, 0.0)
(2725, 0.0)
(2726, 0.09945254695886488)
(2727, 0.0)
(2728, 0.0)
(2729, 0.0)
(2730, 0.15380207339445182)
(2731, 0.0)
(2732, 0.0)
(2733, 0.0)
(2734, 0.03611411412064572)
(2735, 0.0)
(2736, 0.0)
(2737, 0.0)
(2738, 0.0)
(2739, 0.0)
(2740, 1.4373022060380958)
(2741, 0.28744771207425085)
(2742, 0.23992010300146543)
(2743, 0.0)
(2744, 0.0)
(2745, 0.23792666700489817)
(2746, 0.0627362711234699)
(2747, 0.3981870838833758)
(2748, 0.0)
(2749, 0.16772345863627222)
(2750, 0.18361721943559622)
(2751, 0.0)
(2752, 0.0)
(2753, 0.08317448193539159)
(2754, 0.11098522689034734)
(2755, 0.0)
(2756, 0.6177371137384043)
(2757, 0.0)
(2758, 0.0)
(2759, 0.34959677038778136)
(2760, 0.0)
(2761, 0.0)
(2762, 0.0)
(2763, 0.0)
(2764, 0.346011067699216)
(2765, 0.07208701944886545)
(2766, 0.3262286098420435)
(2767, 0.11055220570642954)
(2768, 0.19645642495198762)
(2769, 0.305417403221973)
(2770, 0.0)
(2771, 0.0)
(2772, 0.0)
(2773, 0.0)
(2774, 0.0)
(2775, 0.0)
(2776, 0.18521310693750315)
(2777, 0.0)
(2778, 0.0)
(2779, 0.0)
(2780, 0.0)
(2781, 0.0)
(2782, 0.0)
(2783, 0.0)
(2784, 0.1441740388977309)
(2785, 0.0)
(2786, 0.3955235952353866)
(2787, 0.08952060486694328)
(2788, 0.0)
(2789, 0.0)
(2790, 0.0)
(2791, 0.0)
(2792, 0.0)
(2793, 0.0)
(2794, 0.09261044686081099)
(2795, 0.0)
(2796, 1.1121488055427295)
(2797, 0.0)
(2798, 0.2872230557585128)
(2799, 0.0)
(2800, 0.0)
(2801, 0.19105179262698915)
(2802, 0.0)
(2803, 0.0)
(2804, 0.0)
(2805, 0.15505762135660184)
(2806, 0.0)
(2807, 0.0)
(2808, 0.0)
(2809, 0.0)
(2810, 0.0)
(2811, 0.48794141227819543)
(2812, 0.08020299963729113)
(2813, 0.0)
(2814, 0.0)
(2815, 0.2199432838870804)
(2816, 0.0)
(2817, 0.12110387369472561)
(2818, 0.0)
(2819, 0.2691197193216125)
(2820, 0.3488456796553496)
(2821, 0.0948082639620406)
(2822, 0.0)
(2823, 0.0)
(2824, 0.0)
(2825, 0.0)
(2826, 0.0)
(2827, 0.0)
(2828, 0.06182831772017964)
(2829, 0.10022627900231232)
(2830, 0.0)
(2831, 0.0)
(2832, 0.0)
(2833, 0.10964229553590918)
(2834, 0.19927583998766168)
(2835, 0.0)
(2836, 0.0)
(2837, 0.0)
(2838, 0.2947501614552352)
(2839, 0.11896333350244909)
(2840, 0.42338781442250634)
(2841, 0.6003015435767097)
(2842, 0.0)
(2843, 0.0)
(2844, 0.0)
(2845, 0.28156078719483163)
(2846, 0.13187009965462337)
(2847, 0.0)
(2848, 0.0)
(2849, 0.2628671909792144)
(2850, 0.08278490376588674)
(2851, 0.0)
(2852, 0.0)
(2853, 0.4281668515874981)
(2854, 0.0)
(2855, 0.0)
(2856, 0.06917587385322693)
(2857, 0.0)
(2858, 0.0)
(2859, 0.3748519640594336)
(2860, 0.2160373797682976)
(2861, 0.0)
(2862, 0.058554623002654516)
(2863, 0.0)
(2864, 0.06772952861587754)
(2865, 0.11707553366546852)
(2866, 0.0)
(2867, 0.9295590509913996)
(2868, 0.9784878745326013)
(2869, 0.3358817125104983)
(2870, 0.08458261432344885)
(2871, 0.0)
(2872, 0.0)
(2873, 0.0)
(2874, 0.0)
(2875, 0.3651419179127238)
(2876, 0.0)
(2877, 0.0)
(2878, 0.47427937302707773)
(2879, 0.0)
(2880, 0.0)
(2881, 0.0)
(2882, 0.08221066628821408)
(2883, 0.12776098387191237)
(2884, 0.0)
(2885, 0.08898614871793929)
(2886, 0.0)
(2887, 0.0)
(2888, 0.1313555938210477)
(2889, 0.041351117762678226)
(2890, 0.0)
(2891, 0.0)
(2892, 0.25819432625154864)
(2893, 0.4700274660837103)
(2894, 0.2596739620110568)
(2895, 0.0)
(2896, 0.0)
(2897, 0.0)
(2898, 0.0)
(2899, 0.0)
(2900, 0.0)
(2901, 0.0)
(2902, 0.21801195142847307)
(2903, 0.08036065016305038)
(2904, 0.0)
(2905, 0.0)
(2906, 0.0)
(2907, 0.0)
(2908, 0.0)
(2909, 0.0)
(2910, 0.0)
(2911, 0.15352052628565618)
(2912, 0.4246566217971893)
(2913, 0.0)
(2914, 0.0)
(2915, 0.7500987515650868)
(2916, 0.0)
(2917, 0.8712291440198583)
(2918, 0.09696069856690434)
(2919, 0.23982140596758014)
(2920, 0.9049937426603906)
(2921, 0.0)
(2922, 0.05696198611511919)
(2923, 0.050100160499373894)
(2924, 0.10422961910686196)
(2925, 0.0)
(2926, 0.0)
(2927, 0.07672251528554522)
(2928, 0.4385691821436367)
(2929, 0.2311927961240264)
(2930, 0.0)
(2931, 0.0)
(2932, 0.0)
(2933, 0.0)
(2934, 0.0)
(2935, 0.0)
(2936, 0.0)
(2937, 0.0)
(2938, 0.30689006114218087)
(2939, 0.06045418353017893)
(2940, 0.49808715084626737)
(2941, 0.1525765393346766)
(2942, 0.0)
(2943, 0.10580894572444773)
(2944, 0.26695844615381786)
(2945, 0.0)
(2946, 0.40028540091446563)
(2947, 0.8788910987556442)
(2948, 0.9686825316359585)
(2949, 0.0)
(2950, 0.49537291759037294)
(2951, 0.9794867059324752)
(2952, 0.0)
(2953, 0.12024946097200905)
(2954, 0.24945847872849605)
(2955, 0.49440449404423326)
(2956, 0.0)
(2957, 0.0)
(2958, 0.0)
(2959, 0.4796428119351603)
(2960, 0.0)
(2961, 0.0)
(2962, 0.0)
(2963, 0.31247033749786485)
(2964, 0.0)
(2965, 0.3829640743446838)
(2966, 0.0)
(2967, 0.1012721467581222)
(2968, 0.08743844545859081)
(2969, 0.0)
(2970, 0.0)
(2971, 0.2299314531150799)
(2972, 0.23783383530120666)
(2973, 0.23067846223636942)
(2974, 0.0)
(2975, 0.0)
(2976, 0.0)
(2977, 0.0)
(2978, 0.0)
(2979, 0.0)
(2980, 0.0)
(2981, 0.0)
(2982, 0.0)
(2983, 0.0)
(2984, 0.5918077183472319)
(2985, 0.0)
(2986, 0.0)
(2987, 0.0)
(2988, 0.3503492265903092)
(2989, 0.3569601722800943)
(2990, 0.0)
(2991, 0.08367587288219262)
(2992, 0.4281668515874981)
(2993, 0.20624458726713119)
(2994, 0.0)
(2995, 0.0)
(2996, 0.0)
(2997, 0.09175896546729989)
(2998, 0.0)
(2999, 0.23306451359185423)
(3000, 0.0)
(3001, 0.07237027012527675)
(3002, 0.4745647917173981)
(3003, 0.0)
(3004, 0.0)
(3005, 0.1501588889264202)
(3006, 0.23058845856034646)
(3007, 0.0)
(3008, 0.0)
(3009, 0.0)
(3010, 0.0)
(3011, 0.13908175758536448)
(3012, 0.5349474234273606)
(3013, 0.0)
(3014, 0.2950926972745281)
(3015, 0.35236042422758823)
(3016, 0.16634896387078318)
(3017, 0.0)
(3018, 0.06368543654340283)
(3019, 0.0)
(3020, 0.0)
(3021, 0.08002769232463854)
(3022, 0.0)
(3023, 1.019658520952614)
(3024, 0.2409743779257222)
(3025, 0.8177450028921478)
(3026, 0.4115162763824407)
(3027, 0.13712313493048564)
(3028, 0.1249091083329814)
(3029, 0.0)
(3030, 0.0)
(3031, 0.0741428658731917)
(3032, 0.0)
(3033, 0.06349215707932807)
(3034, 0.0)
(3035, 0.0)
(3036, 0.0)
(3037, 0.28065740976182085)
(3038, 0.2788066686655427)
(3039, 0.3054218745289309)
(3040, 0.0)
(3041, 0.05067714874011184)
(3042, 0.0)
(3043, 0.08743844545859081)
(3044, 0.0)
(3045, 0.10194644057563859)
(3046, 0.0)
(3047, 0.37723453712317234)
(3048, 1.2706514355450615)
(3049, 0.33182256990281317)
(3050, 0.4658599443273307)
(3051, 0.0)
(3052, 0.0)
(3053, 0.0)
(3054, 0.23657530326412338)
(3055, 0.0)
(3056, 0.09061905828945653)
(3057, 0.11202736456024985)
(3058, 0.0)
(3059, 0.22110441141285908)
(3060, 0.0)
(3061, 0.0)
(3062, 0.25790636125282007)
(3063, 0.0)
(3064, 0.29285464236342873)
(3065, 0.3236799203507421)
(3066, 0.0)
(3067, 0.27053256327313235)
(3068, 1.220792247452501)
(3069, 1.1129738338816386)
(3070, 0.3289268866077275)
(3071, 0.12836984937696716)
(3072, 0.37733276888091)
(3073, 0.0)
(3074, 0.16150722824189775)
(3075, 0.2638360177317755)
(3076, 0.1632964299774997)
(3077, 0.26078170007803125)
(3078, 0.11932719245052373)
(3079, 0.0)
(3080, 0.3162221768989909)
(3081, 0.0)
(3082, 0.47971433562936105)
(3083, 0.0)
(3084, 0.0)
(3085, 0.06844124198062168)
(3086, 0.0)
(3087, 0.690263499428609)
(3088, 0.16072130032610077)
(3089, 0.5743231170620979)
(3090, 0.3747273249989441)
(3091, 0.33817201413247566)
(3092, 0.09180860971779811)
(3093, 0.0)
(3094, 0.23856198633881504)
(3095, 0.08457082746131442)
(3096, 0.0)
(3097, 0.09249363664541073)
(3098, 0.0)
(3099, 0.0)
(3100, 0.0)
(3101, 0.0)
(3102, 0.0)
(3103, 0.261644041178949)
(3104, 0.0)
(3105, 0.7031764847876871)
(3106, 0.14952663816490203)
(3107, 0.0)
(3108, 0.0)
(3109, 0.0)
(3110, 0.419368684828505)
(3111, 0.0)
(3112, 0.8499983960891471)
(3113, 0.09234529070126586)
(3114, 0.06165141229974039)
(3115, 0.0)
(3116, 0.0)
(3117, 0.0)
(3118, 0.10708978763786227)
(3119, 0.0)
(3120, 0.0)
(3121, 0.15922553986288)
(3122, 0.0)
(3123, 0.0)
(3124, 0.0)
(3125, 0.08196802232767432)
(3126, 0.0)
(3127, 1.0668535356812159)
(3128, 0.21081478459932732)
(3129, 0.23525296079277352)
(3130, 0.0)
(3131, 0.32758705665340226)
(3132, 0.0)
(3133, 0.0)
(3134, 0.18154238198869832)
(3135, 0.0)
(3136, 0.20845923821372392)
(3137, 0.7366423875121821)
(3138, 0.0)
(3139, 0.0)
(3140, 0.0)
(3141, 0.0)
(3142, 0.0)
(3143, 0.0)
(3144, 0.34253348126999855)
(3145, 0.0)
(3146, 0.0)
(3147, 0.10422961910686196)
(3148, 0.0)
(3149, 0.0)
(3150, 0.5635813591333748)
(3151, 0.4015596598557215)
(3152, 0.0)
(3153, 0.4254110922557513)
(3154, 0.0)
(3155, 0.0)
(3156, 0.41667175212905017)
(3157, 0.0)
(3158, 0.0)
(3159, 0.0)
(3160, 0.15689557334659793)
(3161, 0.0)
(3162, 0.23302043560145963)
(3163, 0.2730735441409876)
(3164, 0.0)
(3165, 0.0)
(3166, 0.0)
(3167, 0.0)
(3168, 0.34959677038778136)
(3169, 0.3358817125104983)
(3170, 0.0)
(3171, 0.2883480777954618)
(3172, 0.0)
(3173, 0.0)
(3174, 0.8660853264420175)
(3175, 0.0)
(3176, 0.08367587288219262)
(3177, 0.0)
(3178, 0.0)
(3179, 0.0)
(3180, 0.17664815506843248)
(3181, 0.2691197193216125)
(3182, 0.0)
(3183, 0.11443240450100746)
(3184, 0.26902091184542654)
(3185, 0.0)
(3186, 0.0)
(3187, 0.0)
(3188, 0.0)
(3189, 0.0)
(3190, 0.6031473738721398)
(3191, 0.0)
(3192, 0.2466468037024673)
(3193, 0.0)
(3194, 0.0)
(3195, 0.11651021780072982)
(3196, 0.0)
(3197, 0.3323596086117216)
(3198, 0.0)
(3199, 0.0)
(3200, 0.0)
(3201, 0.27962957961549095)
(3202, 0.14579193146730787)
(3203, 0.0)
(3204, 0.34984839369242643)
...Done
