1 2319
1 1410
1 1938
1 1572
1 1071
1 2218
1 971
1 1069
1 1657
1 1908
2 2434
2 3078
2 2863
2 1046
2 1867
2 1014
2 597
2 492
2 1183
2 435
3 1304
3 62
3 1988
3 3144
3 1521
3 929
3 2316
3 2551
3 100
3 2603
4 2377
4 3043
4 2844
4 2939
4 3103
4 2519
4 2870
4 483
4 3128
4 3073
5 2321
5 2960
5 2035
5 3144
5 1272
5 2629
5 1923
5 2716
5 1742
5 1829
6 2826
6 438
6 2828
6 1543
6 242
6 2230
6 3035
6 2078
6 1867
6 1014
7 3043
7 1553
7 2912
7 3104
7 2376
7 3148
7 3141
7 2862
7 2668
7 3170
8 2625
8 2776
8 2830
8 1685
8 912
8 1869
8 2500
8 2951
8 2499
8 492
9 3068
9 2776
9 2372
9 2849
9 1685
9 3158
9 3174
9 2869
9 2578
9 2371
10 1795
10 1262
10 2316
10 2896
10 2700
10 2603
10 141
10 249
10 950
10 392
11 2699
11 2923
11 2316
11 3148
11 2906
11 1923
11 3171
11 3150
11 2603
11 1043
12 3127
12 1930
12 2246
12 2319
12 3068
12 1461
12 1462
12 2740
12 3196
12 2867
13 2897
13 2748
13 48
13 1362
13 2491
13 1901
13 1231
13 2835
13 1947
13 195
14 2876
14 1724
14 3087
14 2816
14 3011
14 2976
14 2817
14 853
14 856
14 307
15 1231
15 2835
15 2611
15 2464
15 1947
15 2344
15 3125
15 820
15 2929
15 3080
16 3141
16 2740
16 409
16 2376
16 1210
16 2629
16 243
16 1846
16 3021
16 307
17 2897
17 2491
17 2748
17 1223
17 48
17 1362
17 1134
17 1231
17 1757
17 2835
18 2156
18 1811
18 1988
18 249
18 2897
18 3156
18 3075
18 1795
18 1665
18 2685
19 1262
19 950
19 2896
19 2700
19 141
19 1601
19 392
19 1158
19 2685
19 1795
20 1563
20 2506
20 2442
20 2695
20 2630
20 2199
20 2177
20 1047
20 2490
20 3152
21 1659
21 3086
21 2325
21 3007
21 2927
21 2702
21 3166
21 2932
21 2454
21 895
22 2441
22 2564
22 2637
22 2638
22 2751
22 2384
22 2473
22 266
22 87
22 1915
23 3148
23 3082
23 2849
23 2578
23 3043
23 2276
23 1780
23 52
23 88
23 3137
24 1696
24 268
24 3043
24 2342
24 2376
24 3141
24 412
24 1749
24 2740
24 20
25 1653
25 2318
25 2542
25 1938
25 1374
25 436
25 3048
25 1719
25 3136
25 2984
26 2626
26 2377
26 2844
26 2632
26 2870
26 2939
26 2319
26 3068
26 483
26 1461
27 3011
27 2319
27 2740
27 2988
27 2798
27 2918
27 2669
27 3068
27 1461
27 2902
28 3032
28 2849
28 2890
28 2776
28 2197
28 2949
28 1685
28 1695
28 2951
28 2371
29 2420
29 2229
29 2644
29 1539
29 2089
29 2462
29 1537
29 1538
29 1840
29 1385
30 1256
30 1926
30 1856
30 2786
30 2501
30 1739
30 1046
30 953
30 2537
30 2947
31 195
31 3047
31 674
31 2826
31 2125
31 1327
31 533
31 1686
31 2415
31 2283
32 2177
32 2630
32 3139
32 1839
32 1145
32 1847
32 1529
32 2490
32 2289
32 2461
33 1954
33 2043
33 2805
33 2548
33 559
33 3016
33 2284
33 1968
33 1501
33 1662
34 1949
34 1524
34 5
34 1644
34 1999
34 1440
34 35
34 334
34 1803
34 397
35 1474
35 3007
35 1397
35 2836
35 2850
35 2560
35 2681
35 1386
35 3175
35 2165
36 1265
36 1131
36 2110
36 2061
36 1399
36 1350
36 2030
36 2112
36 2476
36 2698
37 2265
37 2376
37 2956
37 2651
37 3141
37 243
37 1828
37 618
37 3021
37 3103
38 3103
38 2941
38 2958
38 24
38 2082
38 583
38 2651
38 463
38 2867
38 2582
39 1861
39 2651
39 3103
39 1614
39 2958
39 1902
39 2126
39 2940
39 2956
39 2406
40 1098
40 2316
40 2603
40 249
40 2705
40 1366
40 1485
40 2956
40 2406
40 1459
41 3043
41 2578
41 3082
41 3148
41 2849
41 2327
41 3137
41 1780
41 2376
41 3128
42 462
42 204
42 1653
42 2215
42 2231
42 2402
42 2107
42 2641
42 2789
42 2494
43 2569
43 3107
43 2703
43 2754
43 1554
43 2341
43 2847
43 3125
43 3100
43 847
44 2829
44 2523
44 2325
44 1404
44 2125
44 1002
44 633
44 2771
44 1260
44 1034
45 1976
45 2816
45 2493
45 2964
45 2318
45 1271
45 2957
45 2114
45 2978
45 3152
46 2711
46 329
46 1653
46 2990
46 661
46 1457
46 1032
46 2107
46 2327
46 1699
47 2288
47 891
47 2832
47 2848
47 1699
47 2726
47 2990
47 1236
47 2318
47 953
48 47
48 2325
48 3010
48 3166
48 2884
48 2556
48 2226
48 2273
48 3130
48 1654
49 2882
49 3134
49 651
49 1699
49 2288
49 891
49 239
49 2390
49 3012
49 1457
50 1811
50 3156
50 3075
50 891
50 2288
50 2714
50 1699
50 3134
50 1457
50 1665
51 1811
51 3075
51 3006
51 3156
51 2714
51 2017
51 2022
51 2085
51 1665
51 2872
52 2721
52 1366
52 3070
52 1030
52 557
52 757
52 1207
52 1208
52 1329
52 2749
53 139
53 514
53 569
53 2981
53 2613
53 1817
53 1521
53 2210
53 2420
53 1186
54 2958
54 2842
54 2470
54 3104
54 3103
54 2178
54 2295
54 2155
54 3031
54 2972
55 1739
55 1355
55 1896
55 1898
55 1993
55 2650
55 2921
55 3064
55 1665
55 3096
56 2327
56 1678
56 2931
56 2323
56 1739
56 1355
56 1896
56 1898
56 1154
56 1993
57 3077
57 3140
57 196
57 1137
57 1106
57 437
57 209
57 1132
57 1
57 176
58 1344
58 2634
58 1398
58 1474
58 2395
58 1631
58 69
58 1876
58 1637
58 1396
59 2111
59 1665
59 1112
59 1456
59 1235
59 1855
59 1681
59 661
59 2905
59 2711
60 2876
60 2967
60 2816
60 2593
60 3087
60 2976
60 2817
60 3142
60 2957
60 1532
61 634
61 1287
61 2711
61 1236
61 3129
61 2114
61 2307
61 1830
61 1457
61 1935
62 1961
62 1368
62 2430
62 2790
62 2327
62 2932
62 1424
62 1648
62 2326
62 2975
63 1795
63 1262
63 950
63 3061
63 2896
63 2700
63 3166
63 2781
63 141
63 1601
64 2651
64 1307
64 1717
64 2168
64 1588
64 2513
64 527
64 1549
64 1853
64 1046
